1493068055
1493031600
1493118630
1493236188
1493324538
1493411265
1493498379
1493585068
1493671957
1493758533
1493845534
1494023731
1494110257
1494137409
1494223895
1494310814
1494397784
1494484510
1494571177
1494657927
1494744776
1494831381
1494918116
1495004787
1495091678
1495178189
1495264872
1495351879
1495438669
1495525400
1495625495
1495755639
1495842668
1495929183
1496016171
1496103157
1496189839
1496276793
1496363232
1496449996
1496536426
1496622935
1496709386
1496796425
1496883434
1496969895
1497056423
1497143142
1497229604
1497316625
1497403506
1497783894
1497787684
1497787832
1497915051
1498002146
1498090590
1498178761
1498265460
1498352410
1498439357
1498526201
1498756499
1498762164
1498772377
1499209415
1524593815
1526611551
