1497787832
1498265460
1498352410
1498439357
1498526201
1498770966
1498917470
1498917804
1498918007
1498972225
1499032442
1499086643
1499140842
1499183841
1499257057
1499275798
1499295178
1499314497
1499333823
1499359403
1499380193
1499398950
1499418253
1499437572
1499465957
1499485257
1499504562
1499523950
1499543168
1499562496
1499581518
1499600821
1499620161
1499639083
1499658374
1499677674
1499696984
1499716359
1499735704
1499755005
1499774312
1499793644
1499813024
1499832345
1499851672
1499871004
1499890435
1499909776
1499945578
1499964929
1499984358
1500003666
1500022998
1500042377
1500061770
1500081105
1500100415
1500119736
1500139101
1500158494
1500177802
1500197116
1500222042
1500241473
1500260905
1500280333
1500299749
1500319163
1500338609
1500358016
1500377413
1500396813
1500416270
1500435711
1500473756
1500493229
1500512671
1500532069
1500551503
1500576942
1500596417
1500615840
1500635282
1500660313
1500679675
1500699032
1500718353
1500737693
1500757028
1500776343
1500795675
1500814586
1500834943
1500854309
1500873635
1500892954
1500912285
1500931062
1500950483
1500969872
1500989257
1501008644
1501024148
1501025184
1501025562
1501044993
1501082771
1501102270
1501121679
1501176071
1501195548
1501215135
1501234772
1501254228
1501273852
1501293224
1501313601
1501332972
1501352337
1501371720
1501391108
1501410967
1501430343
1501468285
1501487664
1501507078
1501526474
1501791019
1501810409
1501829858
1501849339
1501868782
1501888180
1501907551
1501926917
1501946333
1501965793
1501985187
1502004557
1502024000
1502043422
1502062898
1502082329
1502101700
1502121094
1502140527
1502159927
1502179296
1502198720
1502218139
1502237571
1502257016
1502276425
1502295817
1502315235
1502334696
1502354101
1502373494
1502392956
1502412356
1502431762
1502451173
1502470569
1502490105
1502509508
1502528885
1502548247
1502567617
1502586973
1502606346
1502625707
1502645118
1502664500
1502683918
1502703319
1502722706
1502742134
1502761560
1502780957
1502800330
1502819707
1502839108
1502858463
1502877798
1502897215
1502916688
1502961396
1503006162
1503050825
1503096136
1503143605
1503188389
1503233178
1503277923
1503322614
1503367486
1503412152
1503456986
1503501776
1503547573
1503592307
1503637035
1503682092
1503726934
1503771634
1503816297
1503860984
1503905643
1504002399
1504047151
1504091939
1504137779
1504182561
1504227342
1504272026
1504316737
1504743129
1504787892
1504832616
1504877313
1504922075
1504966786
1505011510
1505056236
1505100947
1505145661
1505190434
1505235157
1505280074
1505324805
1505369558
1505414294
1505459102
1505548110
1505592913
1505637683
1505682461
1505727174
1505771993
1505816713
1505861500
1505906215
1505951005
1505995700
1506040483
1506085199
1506129985
1506174712
1506219474
1506264204
1506308963
1506353672
1506430148
1506474958
1506519670
1506564426
1506609859
1506654635
1506699413
1506744262
1506819582
1506864268
1506909945
1506978654
1507024293
1507068997
1507113615
1507158304
1507202984
1507247702
1507292259
1507336941
1507381549
1507426216
1507470817
1507515473
1507569211
1507613848
1507658522
1507703156
1507748392
1507793767
1507838642
1508344808
1508389446
1508434106
1508518201
1508562805
1508607421
1508652012
1508696645
1508741230
1508785859
1508830505
1508876183
1508920772
1508965442
1509010038
1509054720
1509099335
1509144034
1509188651
1509233313
1509277925
1509322582
1509367185
1509440871
1509485656
1509575286
1509619887
1509664745
1509709378
1509754102
1509798727
1509843457
1509888076
1509932678
1509977290
1510021987
1510066636
1510111365
1510156038
1510200746
1510245448
1510290215
1510334917
1510379632
1510424360
1510469031
1510513765
1510558406
1510603139
1510647820
1510692880
1510737899
1510782642
1510827315
1510916545
1510961320
1511006993
1511051742
1511096405
1511141156
1511185751
1511230556
1511275146
1511319825
1511364406
1511409055
1511453649
1511498277
1511542864
1511587413
1511632016
1511677481
1511722089
1511766673
1511811360
1511855956
1511900626
1511945218
1511989921
1512034518
1512124732
1512169531
1512214163
1512258878
1512303558
1512348400
1512393006
1512437722
1512482343
1512527086
1512571698
1512616400
1512661049
1512705848
1512750502
1512795233
1512839939
1512885195
1512929808
1512974419
1513019097
1513063712
1513108427
1513153051
1513197789
1513242475
1513287275
1513331961
1513376890
1513421594
1513466552
1513519271
1513564280
1513609057
1513653945
1513698715
1513743607
1513788371
1513833178
1513877966
1513922746
1513967506
1514012239
1514057012
1514101761
1514146566
1514192301
1514238742
1514283534
1514328949
1514398828
1514444197
1514513504
1514558208
1514602931
1514647656
1514692453
1514737252
1514781996
1514826742
1514871543
1514916306
1514961117
1515005903
1515050642
1515095513
1515140608
1515185401
1515215981
1515246494
1515277248
1515307806
1515338368
1515368606
1515399056
1515429511
1515460011
1515490449
1515520911
1515551412
1515581839
1515612289
1515642776
1515673216
1515703735
1515734221
1515764656
1515795151
1515825579
1515855993
1515886440
1515916865
1515947303
1515983367
1516013867
1516044331
1516081344
1516112433
1516150938
1516252063
1516282487
1516405287
1516435693
1516577561
1516607973
1516638435
1516668943
1516699373
1516729901
1516760413
1516790904
1516821433
1516851919
1516882343
1516912901
1516943346
1516973860
1517004445
1517034890
1517065364
1517095936
1517127380
1517157899
1517201703
1517232125
1517276862
1517307313
1517337865
1517368352
1517398817
1517429441
1517459901
1517490394
1517521044
1517551518
1517581988
1517612623
1517643063
1517673574
1517704180
1517734601
1517765420
1517795943
1517826614
1517857128
1517887608
1517918049
1517948585
1517979049
1518009492
1518040152
1518070595
1518101031
1518131645
1518162080
1518192565
1518223117
1518253547
1518284061
1518314585
1518345007
1518375540
1518406001
1518436422
1518467970
1518498399
1518530873
1518561445
1518591873
1518622330
1518652891
1518683303
1518713809
1518744372
1518774784
1518805311
1518835791
1518866221
1518896738
1518928191
1518958632
1518989186
1519019605
1519050004
1519080677
1519111074
1519141478
1519173003
1519203398
1519233841
1519264331
1519294723
1519325218
1519355684
1519386079
1519416633
1519447071
1519477493
1519508008
1519538429
1519568859
1519599405
1519629829
1519660254
1519690763
1519721202
1519751692
1519782230
1519812655
1519843144
1519873668
1519904089
1519934668
1519965176
1519995613
1520026281
1520056719
1520087194
1520117898
1520148318
1520243376
1520273892
1520304461
1520334879
1520365460
1520395953
1520426368
1520457010
1520487471
1520517912
1520548517
1520578905
1520609338
1520639956
1520670386
1520700902
1520731493
1520761905
1520792443
1520822959
1520853364
1520883902
1520914369
1520944784
1520975394
1521005820
1521036279
1521066993
1521097398
1521127874
1521158431
1521188850
1521219264
1521249836
1521280220
1521310710
1521341154
1521371535
1521402061
1521433093
1521463500
1521494738
1521525157
1521555555
1521588313
1521619360
1521649785
1521680248
1521710655
1521741213
1521771712
1521801971
1521832543
1521862972
1521893366
1521923867
1521955275
1521985667
1522017175
1522047586
1522077990
1522108935
1522139397
1522169922
1522200586
1522231069
1522262620
1522293227
1522323706
1522354288
1522385061
1522415590
1522446177
1522476706
1522507328
1522537954
1522568470
1522599061
1522629723
1522660298
1522690866
1522721484
1522752486
1522783025
1522813513
1522844045
1522874607
1522905110
1522935579
1522966070
1522996561
1523027047
1523057560
1523088043
1523118696
1523149218
1523179763
1523210255
1523240749
1523271235
1523301764
1523332272
1523362771
1523393293
1523423786
1523454307
1523484827
1523515327
1523545820
1523576346
1523606839
1523637343
1523667928
1523698467
1523728996
1523759494
1523789987
1523820508
1523851015
1523881505
1523912028
1523942512
1523972998
1524003511
1524033963
1524064431
1524263611
1524294521
1524323180
1524333859
1524344328
1524354678
1524365000
1524375304
1524385610
1524395919
1524406254
1524416608
1524423308
1524429608
1524435886
1524442160
1524448461
1524454684
1524460900
1524467133
1524473372
1524479594
1524485835
1524491745
1524496346
1524503484
1524536016
1524540401
1524544628
1524591684
1524593368
1524594457
1524598730
1524607143
1524611436
1524615746
1524620007
1524624314
1524628604
1524632873
1524637114
1524641383
1524645657
1524649929
1524654212
1524658522
1524662797
1524667139
1524670056
1524672738
1524675422
1524678129
1524680832
1524683545
1524686274
1524688947
1524691649
1524693516
1524695242
1524697017
1524698793
1524700575
1524702365
1524704129
1524705904
1524707685
1524709461
1524711236
1524713033
1524714808
1524716562
1524718335
1524720080
1524721847
1524723612
1524726435
1524728187
1524729913
1524731664
1524733419
1524735187
1524736940
1524738687
1524740422
1524742195
1524743951
1524745700
1524747462
1524749212
1524751011
1524752795
1524754558
1524756363
1524758163
1524759494
1524761788
1524763702
1524765466
1524767252
1524769040
1524770839
1524772634
1524774414
1524776227
1524778060
1524779842
1524782701
1524784475
1524787344
1524813269
1524815043
1524816806
1524818555
1524820321
1524822089
1524823850
1524825629
1524827413
1524829179
1524830955
1524832754
1524834523
1524836287
1524838074
1524840000
1524841781
1524843566
1524845342
1524847105
1524848904
1524850705
1524852512
1524854279
1524856070
1524857852
1524859631
1524861404
1524863178
1524864932
1524866712
1524868475
1524870238
1524872007
1524874816
1524876538
1524880001
1524899359
1524901145
1524903562
1524905961
1524907740
1524923162
1524924957
1524926765
1524937476
1524939365
1524941186
1524943003
1524944805
1524946608
1524948396
1524950190
1524951973
1524953762
1524955578
1524957361
1524959077
1524960780
1524962482
1524964187
1524965889
1524967597
1524969291
1524970993
1524972692
1524974385
1525017695
1525020507
1525027148
1525028834
1525031593
1525033284
1525034952
1525037697
1525040465
1525043225
1525044914
1525047685
1525050451
1525052159
1525072307
1525074464
1525076618
1525078783
1525080938
1525083094
1525085248
1525087404
1525089557
1525091715
1525093871
1525096030
1525098195
1525100355
1525102514
1525104667
1525106826
1525108982
1525111116
1525113223
1525115325
1525117420
1525119523
1525121703
1525123887
1525126017
1525128119
1525130230
1525144616
1525146775
1525148942
1525151115
1525153277
1525155444
1525157601
1525159764
1525161918
1525164089
1525166247
1525168404
1525170565
1525172725
1525174887
1525177051
1525179189
1525181343
1525183504
1525185661
1525187822
1525189983
1525192149
1525194308
1525196485
1525198644
1525200809
1525202973
1525205135
1525207300
1525209462
1525211630
1525213796
1525215947
1525218119
1525220289
1525222456
1525224619
1525226775
1525228935
1525231101
1525233285
1525235461
1525237616
1525239771
1525241954
1525244128
1525246298
1525248489
1525250653
1525252828
1525254991
1525257153
1525259282
1525261440
1525263607
1525265772
1525267929
1525270101
1525272266
1525274420
1525276577
1525278764
1525280902
1525305993
1525308144
1525310337
1525312525
1525314714
1525316890
1525319070
1525321243
1525323425
1525325604
1525327768
1525329933
1525332105
1525334271
1525336437
1525338571
1525340717
1525342865
1525345008
1525349262
1525351444
1525353620
1525355784
1525357964
1525360141
1525362316
1525364486
1525368724
1525370918
1525373101
1525375284
1525377459
1525379645
1525381814
1525383979
1525386146
1525388315
1525392580
1525396856
1525399045
1525401222
1525405497
1525407666
1525409828
1525412000
1525414166
1525416329
1525420566
1525422744
1525424931
1525427106
1525429276
1525431452
1525433618
1525435798
1525437971
1525440168
1525444409
1525446592
1525450876
1525453066
1525455244
1525457416
1525459543
1525465871
1525468057
1525470225
1525472404
1525474577
1525476768
1525480985
1525483133
1525485281
1525489521
1525491706
1525493902
1525496083
1525498263
1525500455
1525502625
1525504792
1525506960
1525509122
1525511279
1525513464
1525515633
1525519881
1525522059
1525526307
1525528499
1525530682
1525532866
1525535038
1525537209
1525541463
1525543637
1525545814
1525548006
1525550188
1525554450
1525556639
1525558816
1525560986
1525563160
1525567419
1525571671
1525573860
1525576057
1525578234
1525580380
1525584614
1525586781
1525588955
1525591132
1525593310
1525595476
1525597645
1525599822
1525601998
1525604167
1525608417
1525610601
1525612783
1525614956
1525617138
1525619307
1525621489
1525623664
1525627925
1525630117
1525632302
1525634485
1525636666
1525638868
1525641035
1525643207
1525647454
1525649636
1525653851
1525656007
1525702469
1525704644
1525706791
1525709993
1525712196
1525714376
1525716558
1525718734
1525720923
1525723106
1525725303
1525727460
1525729620
1525731785
1525733941
1525736098
1525738278
1525740419
1525742568
1525744727
1525746902
1525749057
1525751208
1525753360
1525755509
1525757657
1525759810
1525761970
1525764133
1525766298
1525768458
1525770609
1525772767
1525774926
1525777082
1525779240
1525781405
1525783558
1525785712
1525787870
1525790025
1525792178
1525794337
1525796502
1525798668
1525800853
1525803016
1525807269
1525810483
1525812662
1525814829
1525816981
1525819142
1525821295
1525823447
1525825602
1525827768
1525829928
1525832100
1525834257
1525836426
1525838596
1525840776
1525842933
1525845116
1525847282
1525849442
1525851603
1525853760
1525855926
1525858087
1525860280
1525862446
1525864618
1525866784
1525874188
1525876357
1525878527
1525880702
1525882873
1525885061
1525888285
1525891512
1525893692
1525895859
1525898040
1525900209
1525902385
1525904557
1525906716
1525908880
1525911053
1525913210
1525915392
1525917563
1525919750
1525921935
1525924105
1525926282
1525928458
1525930636
1525932805
1525934998
1525937170
1525939338
1525941503
1525943703
1525945867
1525948014
1525950173
1525952336
1525954508
1525956671
1525958801
1525960921
1525963034
1525965143
1525967254
1525969370
1525972512
1526059193
1526061374
1526063569
1526065745
1526068955
1526071144
1526073305
1526075450
1526077613
1526079775
1526081938
1526084103
1526086270
1526088443
1526090621
1526092783
1526119979
1526122112
1526124263
1526126435
1526524604
1526691852
1526779350
1526866132
1526952901
1527072240
1527159043
1527245948
1527332914
1527451299
1527538955
1527583701
1527628512
1527673226
1527777055
1527821934
1527865486
1527909403
1527953020
1527996819
1528040403
1528084080
1528127760
1528171392
1528216091
1528259746
1528303477
1528551090
1528594704
1528638398
1528682033
1528726784
1528770428
1528814017
1528857704
1528901445
1528946390
1528990350
1529034146
1529078938
1529122705
1529166699
1529210856
1529254891
1529298981
1529343018
1529418606
1529462667
1529506715
1529550784
1529596238
1529639909
1529683922
1529768092
1529840767
1529884719
1529928738
1529972887
1530016901
1530192722
1530236795
1530401718
1530445806
1530489576
1530533662
1530578156
1530649079
1530692849
1530815095
1530859087
1531957792
1532001792
1532046000
1532090089
1532134276
1532178388
1532221998
1532266083
1532310323
1532354339
1532398456
1532442492
1532486656
1532530668
1532574805
1532618884
1532663002
1532725161
1532801092
1532845242
1532890642
1532958315
1533002483
1533047555
1533131508
1533175647
1533891902
1533935984
1533980023
1534092969
1534137230
1534181407
1534226000
1534272306
1534316484
1534360638
1534404829
1534470267
1534514473
1534558679
1534602770
1534646452
1534690517
1534734660
1534778739
1534822879
1534866523
1534910723
1534954830
1535035642
1535079862
1535124045
1535168106
1535212313
1535256629
1535300978
1535345363
1535389330
1535497901
1535582155
1535640491
1535684804
1535728938
1535773149
1535817291
1535861532
1535905667
1535949873
1536620087
1536668122
1536712567
1536756675
1536800508
1536844122
1536888734
1536933058
1537286018
1537362973
1537407375
1537452658
1537496656
1537540905
1537585221
1537629537
1537673894
1537720758
1537764432
1537806620
1537835996
1537975451
1537975460
1538023278
1538057980
1538087461
1538117285
1538147163
1538177058
1538206913
1538236782
1538266697
1539024677
1539054411
1539084207
1539114132
1539143605
1539173543
1539203612
1539233589
1539263507
1539293532
1539378178
1539408250
1539438278
1539469424
1539499415
1539529447
1539559488
1539589511
1539619533
1539649724
1539679696
1539709714
1539771653
1539772824
1539802824
1539831721
1539861535
1539891495
1539965936
1539995535
1540046198
1540258177
1540345513
1540388713
1540432988
1540504493
1540534377
1540564326
1540605804
1540649671
1540696245
1540738700
1540781193
1540824419
1540868770
1540910895
1540955200
1540997344
1541027049
1541056855
1541086747
1541127994
1541170154
1541214460
1541256183
1541300440
1541343624
1541386911
1541429156
1541473672
1541515958
1541560462
1541602790
1541646257
1541686407
1541733086
1542850940
1542880818
1542910787
1542940733
1542970590
1543000607
1543030576
1543060462
1543090473
1543120372
1543150225
1543180196
1543210016
1543239865
1543269802
1543299651
1543329536
1543359516
1543389343
1543419173
1543449115
1543478966
1543730014
1543759909
1543789866
1543819715
1543849567
1543879486
1543909396
1543969141
1544028520
1544058683
1544088950
1544119019
1544149309
1544179511
1544209365
1544239692
1544269837
1544300198
1544329943
1544361028
1544391669
1544422463
1544453642
1544483695
1544514944
1544544324
1544573902
1544604876
1544634809
1544666833
1544696390
1544757287
1544797730
1544843470
1544900026
1544930014
1544972238
